[[103.7171661   29.12281527]]
0
0
[[103.7171661   29.12281527]
 [101.859646    28.26218726]
 [102.482       24.116     ]]
[[103.7171661   29.12281527]]
[[103.7171661   29.12281527]
 [101.859646    28.26218726]]
[[103.7171661   29.12281527]
 [101.859646    28.26218726]
 [104.20081019  32.40243828]]
[[ 99.85260238  26.35899362]
 [103.7171661   29.12281527]]
[[ 99.85260238  26.35899362]
 [103.7171661   29.12281527]]
0
[[101.859646    28.26218726]]
[[103.7171661   29.12281527]]
[[103.7171661   29.12281527]
 [101.859646    28.26218726]
 [102.482       24.116     ]]
[[103.7171661   29.12281527]]
[[100.884       31.20333333]
 [103.7171661   29.12281527]]
[[100.884       31.20333333]]
[[100.884       31.20333333]
 [103.7171661   29.12281527]
 [101.859646    28.26218726]]
[[100.884       31.20333333]
 [103.7171661   29.12281527]]
0
0
[[102.482  24.116]]
[[102.482  24.116]]
[[99.85260238 26.35899362]]
[[100.884       31.20333333]
 [102.482       24.116     ]]
[[103.7171661   29.12281527]
 [102.482       24.116     ]]
[[103.7171661   29.12281527]
 [101.859646    28.26218726]]
[[102.482       24.116     ]
 [104.20081019  32.40243828]]
[[102.482       24.116     ]
 [104.20081019  32.40243828]]
[[101.859646    28.26218726]]
[[102.482  24.116]]
